0,508
0,524
0,523
0,409
0,522
0,521
0,520
0,519
0,518
0,517
0,516
40,5
40,4
40,1
40,3
14,5
137,4
137,1
137,3
0,389
438,35
155,6
154,6
154,4
155,1
155,3
153,1
153,3
14,69
154,1
154,3
14,68
0,390
0,392
42,5
42,4
41,5
41,4
42,1
42,3
41,1
41,3
14,21
14,33
75,7
75,6
75,5
75,1
75,10
75,3
14,31
28,4
28,1
28,3
73,4
73,1
73,3
0,384
24,5
24,4
24,1
24,7
24,3
14,32
14,70
13,7
21,3
21,2
21,1
21,0
12,3
12,2
12,1
11,3
11,2
11,1
10,3
10,2
10,1
9,3
9,2
9,1
8,3
8,2
8,1
7,13
7,12
7,11
7,10
7,9
58,3
58,8
58,6
58,5
20,2
20,1
20,3
58,1
0,316
7,8
7,7
7,6
7,5
7,4
7,1
6,7
6,6
6,5
6,4
19,2
19,1
19,3
6,1
4,88
4,87
4,86
4,85
4,84
4,83
4,82
4,81
4,80
4,79
4,78
4,77
4,76
4,75
4,74
4,73
4,72
4,71
4,70
18,1
18,3
58,4
14,87
58,7
4,69
4,68
4,67
4,66
4,65
4,64
4,40
14,98
4,39
14,99
4,38
13,1
0,386
4,37
0,317
13,6
14,90
4,1
13,5
14,11
4,36
14,1
3,3
13,3
2,2
2,1
3,2
14,10
2,3
3,1
14,3
0,0
0,494
438,34
438,33
438,32
438,31
438,30
438,29
438,28
438,27
438,26
438,25
438,24
438,23
438,22
438,21
438,20
438,19
438,18
438,17
438,16
438,15
438,14
438,13
438,12
438,11
438,10
438,9
438,8
438,7
